participant_id,timestamp,time_to_finish,ui_mode,environment,fill_character,outlier_character,trial,trial_combined
11,1742302917653,4782,dark_mode,light_env,o,e,1,1
11,1742302953733,36080,dark_mode,light_env,0,8,2,2
11,1742302957933,4200,dark_mode,light_env,v,u,3,3
11,1742302959741,1808,dark_mode,light_env,T,7,4,4
11,1742302961676,1935,dark_mode,light_env,e,o,5,5
11,1742302979789,18113,dark_mode,light_env,8,0,6,6
11,1742302989101,9312,dark_mode,light_env,u,v,7,7
11,1742302995061,5960,dark_mode,light_env,7,T,8,8
11,1742303000453,5392,dark_mode,light_env,o,e,9,9
11,1742303010365,9912,dark_mode,light_env,0,8,10,10
11,1742303012332,1967,dark_mode,light_env,v,u,11,11
11,1742303013708,1376,dark_mode,light_env,T,7,12,12
11,1742303016197,2489,dark_mode,light_env,e,o,13,13
11,1742303031083,14886,dark_mode,light_env,8,0,14,14
11,1742303032771,1688,dark_mode,light_env,u,v,15,15
11,1742303036315,3544,dark_mode,light_env,7,T,16,16
11,1742303038035,1720,dark_mode,light_env,o,e,17,17
11,1742303061419,23384,dark_mode,light_env,0,8,18,18
11,1742303065051,3632,dark_mode,light_env,v,u,19,19
11,1742303070755,5704,dark_mode,light_env,T,7,20,20
11,1742303073923,3168,dark_mode,light_env,e,o,21,21
11,1742303078483,4560,dark_mode,light_env,8,0,22,22
11,1742303087539,9056,dark_mode,light_env,u,v,23,23
11,1742303091499,3960,dark_mode,light_env,7,T,24,24
11,1742303097362,5863,dark_mode,light_env,o,e,25,25
11,1742303109890,12528,dark_mode,light_env,0,8,26,26
11,1742303115578,5688,dark_mode,light_env,v,u,27,27
11,1742303123587,8009,dark_mode,light_env,T,7,28,28
11,1742303126675,3088,dark_mode,light_env,e,o,29,29
11,1742303133699,7024,dark_mode,light_env,8,0,30,30
11,1742303157305,23606,dark_mode,light_env,u,v,31,31
11,1742303160442,3137,dark_mode,light_env,7,T,32,32
11,1742303162186,1744,dark_mode,light_env,o,e,33,33
11,1742303179402,17216,dark_mode,light_env,0,8,34,34
11,1742303191233,11831,dark_mode,light_env,v,u,35,35
11,1742303192506,1273,dark_mode,light_env,T,7,36,36
11,1742303194193,1687,dark_mode,light_env,e,o,37,37
11,1742303210970,16777,dark_mode,light_env,8,0,38,38
11,1742303215297,4327,dark_mode,light_env,u,v,39,39
11,1742303220682,5385,dark_mode,light_env,7,T,40,40
11,1742303277441,2280,light_mode,light_env,o,e,1,41
11,1742303285519,8078,light_mode,light_env,0,8,2,42
11,1742303289760,4241,light_mode,light_env,v,u,3,43
11,1742303294168,4408,light_mode,light_env,T,7,4,44
11,1742303297984,3816,light_mode,light_env,e,o,5,45
11,1742303301448,3464,light_mode,light_env,8,0,6,46
11,1742303304864,3416,light_mode,light_env,u,v,7,47
11,1742303307296,2432,light_mode,light_env,7,T,8,48
11,1742303308631,1335,light_mode,light_env,o,e,9,49
11,1742303312304,3673,light_mode,light_env,0,8,10,50
11,1742303314208,1904,light_mode,light_env,v,u,11,51
11,1742303317472,3264,light_mode,light_env,T,7,12,52
11,1742303322104,4632,light_mode,light_env,e,o,13,53
11,1742303325720,3616,light_mode,light_env,8,0,14,54
11,1742303327456,1736,light_mode,light_env,u,v,15,55
11,1742303329088,1632,light_mode,light_env,7,T,16,56
11,1742303332920,3832,light_mode,light_env,o,e,17,57
11,1742303343680,10760,light_mode,light_env,0,8,18,58
11,1742303346192,2512,light_mode,light_env,v,u,19,59
11,1742303347496,1304,light_mode,light_env,T,7,20,60
11,1742303352664,5168,light_mode,light_env,e,o,21,61
11,1742303360896,8232,light_mode,light_env,8,0,22,62
11,1742303363216,2320,light_mode,light_env,u,v,23,63
11,1742303364191,975,light_mode,light_env,7,T,24,64
11,1742303365664,1473,light_mode,light_env,o,e,25,65
11,1742303395264,29600,light_mode,light_env,0,8,26,66
11,1742303397175,1911,light_mode,light_env,v,u,27,67
11,1742303399168,1993,light_mode,light_env,T,7,28,68
11,1742303418838,19670,light_mode,light_env,e,o,29,69
11,1742303426254,7416,light_mode,light_env,8,0,30,70
11,1742303428390,2136,light_mode,light_env,u,v,31,71
11,1742303431518,3128,light_mode,light_env,7,T,32,72
11,1742303436150,4632,light_mode,light_env,o,e,33,73
11,1742303438366,2216,light_mode,light_env,0,8,34,74
11,1742303439966,1600,light_mode,light_env,v,u,35,75
11,1742303441262,1296,light_mode,light_env,T,7,36,76
11,1742303460030,18768,light_mode,light_env,e,o,37,77
11,1742303461614,1584,light_mode,light_env,8,0,38,78
11,1742303463350,1736,light_mode,light_env,u,v,39,79
11,1742303464294,944,light_mode,light_env,7,T,40,80
11,1742303517933,3088,dark_mode,dark_env,o,e,1,81
11,1742303527637,9704,dark_mode,dark_env,0,8,2,82
11,1742303530109,2472,dark_mode,dark_env,v,u,3,83
11,1742303533269,3160,dark_mode,dark_env,T,7,4,84
11,1742303540549,7280,dark_mode,dark_env,e,o,5,85
11,1742303543389,2840,dark_mode,dark_env,8,0,6,86
11,1742303544917,1528,dark_mode,dark_env,u,v,7,87
11,1742303546493,1576,dark_mode,dark_env,7,T,8,88
11,1742303551333,4840,dark_mode,dark_env,o,e,9,89
11,1742303586898,35565,dark_mode,dark_env,0,8,10,90
11,1742303589705,2807,dark_mode,dark_env,v,u,11,91
11,1742303594506,4801,dark_mode,dark_env,T,7,12,92
11,1742303601940,7434,dark_mode,dark_env,e,o,13,93
11,1742303606234,4294,dark_mode,dark_env,8,0,14,94
11,1742303610426,4192,dark_mode,dark_env,u,v,15,95
11,1742303611777,1351,dark_mode,dark_env,7,T,16,96
11,1742303615986,4209,dark_mode,dark_env,o,e,17,97
11,1742303643882,27896,dark_mode,dark_env,0,8,18,98
11,1742303646794,2912,dark_mode,dark_env,v,u,19,99
11,1742303650459,3665,dark_mode,dark_env,T,7,20,100
11,1742303651930,1471,dark_mode,dark_env,e,o,21,101
11,1742303664874,12944,dark_mode,dark_env,8,0,22,102
11,1742303667803,2929,dark_mode,dark_env,u,v,23,103
11,1742303671658,3855,dark_mode,dark_env,7,T,24,104
11,1742303673130,1472,dark_mode,dark_env,o,e,25,105
11,1742303685256,12126,dark_mode,dark_env,0,8,26,106
11,1742303693107,7851,dark_mode,dark_env,v,u,27,107
11,1742303698090,4983,dark_mode,dark_env,T,7,28,108
11,1742303702074,3984,dark_mode,dark_env,e,o,29,109
11,1742303705826,3752,dark_mode,dark_env,8,0,30,110
11,1742303706866,1040,dark_mode,dark_env,u,v,31,111
11,1742303709530,2664,dark_mode,dark_env,7,T,32,112
11,1742303710866,1336,dark_mode,dark_env,o,e,33,113
11,1742303712866,2000,dark_mode,dark_env,0,8,34,114
11,1742303717002,4136,dark_mode,dark_env,v,u,35,115
11,1742303718795,1793,dark_mode,dark_env,T,7,36,116
11,1742303722307,3512,dark_mode,dark_env,e,o,37,117
11,1742303723795,1488,dark_mode,dark_env,8,0,38,118
11,1742303725362,1567,dark_mode,dark_env,u,v,39,119
11,1742303727147,1785,dark_mode,dark_env,7,T,40,120
11,1742303751755,1768,light_mode,dark_env,o,e,1,121
11,1742303759859,8104,light_mode,dark_env,0,8,2,122
11,1742303763642,3783,light_mode,dark_env,v,u,3,123
11,1742303765050,1408,light_mode,dark_env,T,7,4,124
11,1742303770947,5897,light_mode,dark_env,e,o,5,125
11,1742303772387,1440,light_mode,dark_env,8,0,6,126
11,1742303773499,1112,light_mode,dark_env,u,v,7,127
11,1742303777755,4256,light_mode,dark_env,7,T,8,128
11,1742303779995,2240,light_mode,dark_env,o,e,9,129
11,1742303782659,2664,light_mode,dark_env,0,8,10,130
11,1742303784155,1496,light_mode,dark_env,v,u,11,131
11,1742303785355,1200,light_mode,dark_env,T,7,12,132
11,1742303808035,22680,light_mode,dark_env,e,o,13,133
11,1742303821243,13208,light_mode,dark_env,8,0,14,134
11,1742303824426,3183,light_mode,dark_env,u,v,15,135
11,1742303826163,1737,light_mode,dark_env,7,T,16,136
11,1742303829723,3560,light_mode,dark_env,o,e,17,137
11,1742303831816,2093,light_mode,dark_env,0,8,18,138
11,1742303833080,1264,light_mode,dark_env,v,u,19,139
11,1742303835425,2345,light_mode,dark_env,T,7,20,140
11,1742303838008,2583,light_mode,dark_env,e,o,21,141
11,1742303843761,5753,light_mode,dark_env,8,0,22,142
11,1742303845528,1767,light_mode,dark_env,u,v,23,143
11,1742303849545,4017,light_mode,dark_env,7,T,24,144
11,1742303851633,2088,light_mode,dark_env,o,e,25,145
11,1742303857568,5935,light_mode,dark_env,0,8,26,146
11,1742303859440,1872,light_mode,dark_env,v,u,27,147
11,1742303861024,1584,light_mode,dark_env,T,7,28,148
11,1742303871240,10216,light_mode,dark_env,e,o,29,149
11,1742303880808,9568,light_mode,dark_env,8,0,30,150
11,1742303884008,3200,light_mode,dark_env,u,v,31,151
11,1742303885281,1273,light_mode,dark_env,7,T,32,152
11,1742303887432,2151,light_mode,dark_env,o,e,33,153
11,1742303888976,1544,light_mode,dark_env,0,8,34,154
11,1742303890504,1528,light_mode,dark_env,v,u,35,155
11,1742303892016,1512,light_mode,dark_env,T,7,36,156
11,1742303893592,1576,light_mode,dark_env,e,o,37,157
11,1742303896480,2888,light_mode,dark_env,8,0,38,158
11,1742303900320,3840,light_mode,dark_env,u,v,39,159
11,1742303902192,1872,light_mode,dark_env,7,T,40,160
