participant_id,timestamp,time_to_finish,ui_mode,environment,fill_character,outlier_character,trial,trial_combined
7,1741871208530,6755,dark_mode,light_env,o,e,1,1
7,1741871213145,4615,dark_mode,light_env,0,8,2,2
7,1741871224010,10865,dark_mode,light_env,v,u,3,3
7,1741871225089,1079,dark_mode,light_env,T,7,4,4
7,1741871233466,8377,dark_mode,light_env,e,o,5,5
7,1741871242194,8728,dark_mode,light_env,8,0,6,6
7,1741871243513,1319,dark_mode,light_env,u,v,7,7
7,1741871253346,9833,dark_mode,light_env,7,T,8,8
7,1741871254441,1095,dark_mode,light_env,o,e,9,9
7,1741871262642,8201,dark_mode,light_env,0,8,10,10
7,1741871268589,5947,dark_mode,light_env,v,u,11,11
7,1741871270029,1440,dark_mode,light_env,T,7,12,12
7,1741871276805,6776,dark_mode,light_env,e,o,13,13
7,1741871287605,10800,dark_mode,light_env,8,0,14,14
7,1741871295085,7480,dark_mode,light_env,u,v,15,15
7,1741871296325,1240,dark_mode,light_env,7,T,16,16
7,1741871301709,5384,dark_mode,light_env,o,e,17,17
7,1741871316860,15151,dark_mode,light_env,0,8,18,18
7,1741871318932,2072,dark_mode,light_env,v,u,19,19
7,1741871321221,2289,dark_mode,light_env,T,7,20,20
7,1741871323900,2679,dark_mode,light_env,e,o,21,21
7,1741871370085,46185,dark_mode,light_env,8,0,22,22
7,1741871373549,3464,dark_mode,light_env,u,v,23,23
7,1741871377877,4328,dark_mode,light_env,7,T,24,24
7,1741871381549,3672,dark_mode,light_env,o,e,25,25
7,1741871402669,21120,dark_mode,light_env,0,8,26,26
7,1741871425205,22536,dark_mode,light_env,v,u,27,27
7,1741871428317,3112,dark_mode,light_env,T,7,28,28
7,1741871430829,2512,dark_mode,light_env,e,o,29,29
7,1741871444581,13752,dark_mode,light_env,8,0,30,30
7,1741871450733,6152,dark_mode,light_env,u,v,31,31
7,1741871459629,8896,dark_mode,light_env,7,T,32,32
7,1741871465781,6152,dark_mode,light_env,o,e,33,33
7,1741871477277,11496,dark_mode,light_env,0,8,34,34
7,1741871484285,7008,dark_mode,light_env,v,u,35,35
7,1741871485365,1080,dark_mode,light_env,T,7,36,36
7,1741871486149,784,dark_mode,light_env,T,7,36,36
7,1741871499724,13575,dark_mode,light_env,8,0,38,38
7,1741871500900,1176,dark_mode,light_env,u,v,39,39
7,1741871515244,14344,dark_mode,light_env,7,T,40,40
7,1741871574261,6512,light_mode,light_env,o,e,1,41
7,1741871577565,3304,light_mode,light_env,0,8,2,42
7,1741871579053,1488,light_mode,light_env,v,u,3,43
7,1741871582653,3600,light_mode,light_env,T,7,4,44
7,1741871605485,22832,light_mode,light_env,e,o,5,45
7,1741871607037,1552,light_mode,light_env,8,0,6,46
7,1741871609013,1976,light_mode,light_env,u,v,7,47
7,1741871616181,7168,light_mode,light_env,7,T,8,48
7,1741871617733,1552,light_mode,light_env,o,e,9,49
7,1741871617885,152,light_mode,light_env,o,e,9,49
7,1741871621389,3504,light_mode,light_env,v,u,11,51
7,1741871622549,1160,light_mode,light_env,T,7,12,52
7,1741871626997,4448,light_mode,light_env,e,o,13,53
7,1741871631229,4232,light_mode,light_env,8,0,14,54
7,1741871633565,2336,light_mode,light_env,u,v,15,55
7,1741871635069,1504,light_mode,light_env,7,T,16,56
7,1741871636452,1383,light_mode,light_env,o,e,17,57
7,1741871638653,2201,light_mode,light_env,0,8,18,58
7,1741871639804,1151,light_mode,light_env,v,u,19,59
7,1741871642541,2737,light_mode,light_env,T,7,20,60
7,1741871647557,5016,light_mode,light_env,e,o,21,61
7,1741871679077,31520,light_mode,light_env,8,0,22,62
7,1741871682405,3328,light_mode,light_env,u,v,23,63
7,1741871684317,1912,light_mode,light_env,7,T,24,64
7,1741871686901,2584,light_mode,light_env,o,e,25,65
7,1741871688557,1656,light_mode,light_env,0,8,26,66
7,1741871692709,4152,light_mode,light_env,v,u,27,67
7,1741871693597,888,light_mode,light_env,T,7,28,68
7,1741871702317,8720,light_mode,light_env,e,o,29,69
7,1741871705965,3648,light_mode,light_env,8,0,30,70
7,1741871707789,1824,light_mode,light_env,u,v,31,71
7,1741871710189,2400,light_mode,light_env,7,T,32,72
7,1741871713885,3696,light_mode,light_env,o,e,33,73
7,1741871730517,16632,light_mode,light_env,0,8,34,74
7,1741871736782,6265,light_mode,light_env,v,u,35,75
7,1741871738013,1231,light_mode,light_env,T,7,36,76
7,1741871752262,14249,light_mode,light_env,e,o,37,77
7,1741871755822,3560,light_mode,light_env,8,0,38,78
7,1741871757261,1439,light_mode,light_env,u,v,39,79
7,1741871762134,4873,light_mode,light_env,7,T,40,80
7,1741871814766,3305,dark_mode,dark_env,o,e,1,81
7,1741871819142,4376,dark_mode,dark_env,0,8,2,82
7,1741871820590,1448,dark_mode,dark_env,v,u,3,83
7,1741871821461,871,dark_mode,dark_env,T,7,4,84
7,1741871823582,2121,dark_mode,dark_env,e,o,5,85
7,1741871834862,11280,dark_mode,dark_env,8,0,6,86
7,1741871837662,2800,dark_mode,dark_env,u,v,7,87
7,1741871847573,9911,dark_mode,dark_env,7,T,8,88
7,1741871849838,2265,dark_mode,dark_env,o,e,9,89
7,1741871882046,32208,dark_mode,dark_env,0,8,10,90
7,1741871889734,7688,dark_mode,dark_env,v,u,11,91
7,1741871893086,3352,dark_mode,dark_env,T,7,12,92
7,1741871895286,2200,dark_mode,dark_env,e,o,13,93
7,1741871904758,9472,dark_mode,dark_env,8,0,14,94
7,1741871907646,2888,dark_mode,dark_env,u,v,15,95
7,1741871915542,7896,dark_mode,dark_env,7,T,16,96
7,1741871918046,2504,dark_mode,dark_env,o,e,17,97
7,1741871923110,5064,dark_mode,dark_env,0,8,18,98
7,1741871932430,9320,dark_mode,dark_env,v,u,19,99
7,1741871936526,4096,dark_mode,dark_env,T,7,20,100
7,1741871939502,2976,dark_mode,dark_env,e,o,21,101
7,1741871951655,12153,dark_mode,dark_env,8,0,22,102
7,1741871953318,1663,dark_mode,dark_env,u,v,23,103
7,1741871954959,1641,dark_mode,dark_env,7,T,24,104
7,1741871961415,6456,dark_mode,dark_env,o,e,25,105
7,1741872008023,46608,dark_mode,dark_env,0,8,26,106
7,1741872011815,3792,dark_mode,dark_env,v,u,27,107
7,1741872012759,944,dark_mode,dark_env,T,7,28,108
7,1741872014880,2121,dark_mode,dark_env,e,o,29,109
7,1741872041519,26639,dark_mode,dark_env,8,0,30,110
7,1741872043871,2352,dark_mode,dark_env,u,v,31,111
7,1741872045103,1232,dark_mode,dark_env,7,T,32,112
7,1741872048215,3112,dark_mode,dark_env,o,e,33,113
7,1741872056375,8160,dark_mode,dark_env,0,8,34,114
7,1741872064223,7848,dark_mode,dark_env,v,u,35,115
7,1741872067479,3256,dark_mode,dark_env,T,7,36,116
7,1741872068807,1328,dark_mode,dark_env,e,o,37,117
7,1741872077279,8472,dark_mode,dark_env,8,0,38,118
7,1741872080551,3272,dark_mode,dark_env,u,v,39,119
7,1741872089111,8560,dark_mode,dark_env,7,T,40,120
7,1741872149390,3376,light_mode,dark_env,o,e,1,121
7,1741872167222,17832,light_mode,dark_env,0,8,2,122
7,1741872171446,4224,light_mode,dark_env,v,u,3,123
7,1741872172294,848,light_mode,dark_env,T,7,4,124
7,1741872193991,21697,light_mode,dark_env,e,o,5,125
7,1741872199239,5248,light_mode,dark_env,8,0,6,126
7,1741872200815,1576,light_mode,dark_env,u,v,7,127
7,1741872204911,4096,light_mode,dark_env,7,T,8,128
7,1741872208406,3495,light_mode,dark_env,o,e,9,129
7,1741872214638,6232,light_mode,dark_env,0,8,10,130
7,1741872215710,1072,light_mode,dark_env,v,u,11,131
7,1741872218063,2353,light_mode,dark_env,T,7,12,132
7,1741872227295,9232,light_mode,dark_env,e,o,13,133
7,1741872245383,18088,light_mode,dark_env,8,0,14,134
7,1741872247655,2272,light_mode,dark_env,u,v,15,135
7,1741872249759,2104,light_mode,dark_env,7,T,16,136
7,1741872256823,7064,light_mode,dark_env,o,e,17,137
7,1741872264975,8152,light_mode,dark_env,0,8,18,138
7,1741872266215,1240,light_mode,dark_env,v,u,19,139
7,1741872268280,2065,light_mode,dark_env,T,7,20,140
7,1741872278951,10671,light_mode,dark_env,e,o,21,141
7,1741872284391,5440,light_mode,dark_env,8,0,22,142
7,1741872285991,1600,light_mode,dark_env,u,v,23,143
7,1741872287279,1288,light_mode,dark_env,7,T,24,144
7,1741872290007,2728,light_mode,dark_env,o,e,25,145
7,1741872302736,12729,light_mode,dark_env,0,8,26,146
7,1741872309255,6519,light_mode,dark_env,v,u,27,147
7,1741872311383,2128,light_mode,dark_env,T,7,28,148
7,1741872333304,21921,light_mode,dark_env,e,o,29,149
7,1741872338479,5175,light_mode,dark_env,8,0,30,150
7,1741872339639,1160,light_mode,dark_env,u,v,31,151
7,1741872344344,4705,light_mode,dark_env,7,T,32,152
7,1741872348096,3752,light_mode,dark_env,o,e,33,153
7,1741872349983,1887,light_mode,dark_env,0,8,34,154
7,1741872350968,985,light_mode,dark_env,v,u,35,155
7,1741872352591,1623,light_mode,dark_env,T,7,36,156
7,1741872359144,6553,light_mode,dark_env,e,o,37,157
7,1741872362072,2928,light_mode,dark_env,8,0,38,158
7,1741872363191,1119,light_mode,dark_env,u,v,39,159
7,1741872367159,3968,light_mode,dark_env,7,T,40,160
